503305994
123943585
421254021
53456830
39624346
677774314
608665192
454275172
426531836
737666464
37650475
405464147
115061151
825510020
189564046
38803320
485859386
81112644
524974125
428963483
515343238
46462943
156683470
789826356
619364873
543756071
73327367
921805129
41246069
531097545
538369267
109271266
801125903
516892885
924889780
457806924
183201149
28684481
827967880
704092656
591611785
1115120204
1095983467
179148463
61084174
32035197
547354764
1253723815
161820182
130482598
236047631
933528720
1123167023
415587037
91475140
480261266
54283465
208814966
